Foldnum	11	12	21	22	accuracy	precision(a)	precision(b)	recall(a)	recall(b)
SMO:1	636	364	384	616	0.626	0.6235294118	0.6285714286	0.636	0.616
SMO:2	621	379	414	586	0.6035	0.6	0.607253886	0.621	0.586
SMO:3	644	356	351	649	0.6465	0.6472361809	0.6457711443	0.644	0.649
SMO:4	687	313	393	607	0.647	0.6361111111	0.6597826087	0.687	0.607
SMO:5	623	377	413	587	0.605	0.6013513514	0.6089211618	0.623	0.587
SMO:6	633	367	392	608	0.6205	0.6175609756	0.6235897436	0.633	0.608
SMO:7	642	358	418	582	0.612	0.6056603774	0.6191489362	0.642	0.582
SMO:8	622	378	387	613	0.6175	0.6164519326	0.6185671039	0.622	0.613
SMO:9	672	328	426	574	0.623	0.6120218579	0.6363636364	0.672	0.574
SMO:10	664	336	424	576	0.62	0.6102941176	0.6315789474	0.664	0.576
NB:1	552	448	335	665	0.6085	0.6223224352	0.5974842767	0.552	0.665
NB:2	530	470	340	660	0.595	0.6091954023	0.5840707965	0.53	0.66
NB:3	583	417	328	672	0.6275	0.6399560922	0.6170798898	0.583	0.672
NB:4	608	392	355	645	0.6265	0.6313603323	0.6219864995	0.608	0.645
NB:5	535	465	397	633	0.5753694581	0.5740343348	0.5765027322	0.535	0.6145631068
NB:6	556	444	336	664	0.61	0.6233183857	0.5992779783	0.556	0.664
NB:7	583	417	376	624	0.6035	0.6079249218	0.5994236311	0.583	0.624
NB:8	574	426	345	655	0.6145	0.6245919478	0.605920444	0.574	0.655
NB:9	589	411	379	621	0.605	0.6084710744	0.601744186	0.589	0.621
NB:10	567	433	357	643	0.605	0.6136363636	0.5975836431	0.567	0.643
DT:1	595	405	419	581	0.588	0.5867850099	0.5892494929	0.595	0.581
DT:2	571	429	419	581	0.576	0.5767676768	0.5752475248	0.571	0.581
DT:3	570	430	404	596	0.583	0.5852156057	0.5808966862	0.57	0.596
DT:4	614	386	426	574	0.594	0.5903846154	0.5979166667	0.614	0.574
DT:5	543	457	416	584	0.5635	0.5662148071	0.5609990394	0.543	0.584
DT:6	560	440	404	596	0.578	0.5809128631	0.5752895753	0.56	0.596
DT:7	545	455	424	576	0.5605	0.5624355005	0.5586808923	0.545	0.576
DT:8	557	443	374	626	0.5915	0.5982814178	0.5855940131	0.557	0.626
DT:9	596	404	426	574	0.585	0.5831702544	0.5869120654	0.596	0.574
DT:10	581	419	416	584	0.5825	0.5827482447	0.5822532403	0.581	0.584

P value: DT and NB
Ttest_relResult(statistic=-3.5730104619710157, pvalue=0.0034598723484723)

P value: DT and SMO
Ttest_relResult(statistic=-6.1070740361764688, pvalue=0.00016134314914)

P value: SMO and NB
Ttest_relResult(statistic=-6.0676272835011256, pvalue=0.000154239847923)

